digraph {
	rankdir=LR splines=line
	0
	1
	0 -> 1
	1
	2
	1 -> 2
	3
	1 -> 3
	4
	1 -> 4
	11
	1 -> 11
	13
	1 -> 13
	2
	20
	2 -> 20
	3
	9
	3 -> 9
	17
	3 -> 17
	4
	5
	4 -> 5
	5
	6
	5 -> 6
	6
	7
	6 -> 7
	10
	6 -> 10
	7
	8
	7 -> 8
	31
	7 -> 31
	8
	12
	8 -> 12
	9
	18
	9 -> 18
	10
	15
	10 -> 15
	26
	10 -> 26
	27
	10 -> 27
	12
	16
	12 -> 16
	13
	14
	13 -> 14
	14
	28
	14 -> 28
	15
	22
	15 -> 22
	16
	25
	16 -> 25
	18
	19
	18 -> 19
	19
	21
	19 -> 21
	20
	24
	20 -> 24
	21
	35
	21 -> 35
	22
	23
	22 -> 23
	25
	30
	25 -> 30
	26
	32
	26 -> 32
	28
	29
	28 -> 29
	29
	34
	29 -> 34
	30
	36
	30 -> 36
	32
	33
	32 -> 33
}
