digraph {
	rankdir=LR splines=line
	0
	1
	0 -> 1
	1
	2
	1 -> 2
	4
	1 -> 4
	7
	1 -> 7
	10
	1 -> 10
	20
	1 -> 20
	2
	3
	2 -> 3
	3
	5
	3 -> 5
	4
	14
	4 -> 14
	5
	6
	5 -> 6
	17
	5 -> 17
	6
	8
	6 -> 8
	11
	6 -> 11
	23
	6 -> 23
	7
	9
	7 -> 9
	8
	13
	8 -> 13
	9
	24
	9 -> 24
	10
	12
	10 -> 12
	28
	10 -> 28
	11
	16
	11 -> 16
	12
	29
	12 -> 29
	13
	15
	13 -> 15
	14
	21
	14 -> 21
	15
	31
	15 -> 31
	16
	19
	16 -> 19
	17
	18
	17 -> 18
	18
	22
	18 -> 22
	22
	27
	22 -> 27
	24
	25
	24 -> 25
	25
	26
	25 -> 26
	29
	30
	29 -> 30
}
