digraph {
	rankdir=LR splines=line
	0
	1
	0 -> 1
	1
	2
	1 -> 2
	3
	1 -> 3
	2
	4
	2 -> 4
	4
	5
	4 -> 5
	7
	4 -> 7
	8
	4 -> 8
	13
	4 -> 13
	5
	6
	5 -> 6
	6
	10
	6 -> 10
	7
	12
	7 -> 12
	8
	9
	8 -> 9
	9
	18
	9 -> 18
	10
	11
	10 -> 11
	11
	14
	11 -> 14
	12
	16
	12 -> 16
	13
	15
	13 -> 15
	14
	21
	14 -> 21
	22
	14 -> 22
	23
	14 -> 23
	15
	17
	15 -> 17
	17
	20
	17 -> 20
	18
	19
	18 -> 19
	20
	26
	20 -> 26
	21
	24
	21 -> 24
	25
	21 -> 25
	23
	28
	23 -> 28
	24
	27
	24 -> 27
	25
	30
	25 -> 30
	26
	31
	26 -> 31
	27
	29
	27 -> 29
	35
	27 -> 35
	36
	27 -> 36
	29
	38
	29 -> 38
	45
	29 -> 45
	30
	34
	30 -> 34
	31
	32
	31 -> 32
	32
	33
	32 -> 33
	33
	37
	33 -> 37
	34
	39
	34 -> 39
	37
	44
	37 -> 44
	38
	40
	38 -> 40
	41
	38 -> 41
	39
	43
	39 -> 43
	40
	42
	40 -> 42
	60
	40 -> 60
	41
	46
	41 -> 46
	42
	50
	42 -> 50
	54
	42 -> 54
	44
	51
	44 -> 51
	46
	47
	46 -> 47
	47
	48
	47 -> 48
	63
	47 -> 63
	48
	49
	48 -> 49
	64
	48 -> 64
	49
	53
	49 -> 53
	55
	49 -> 55
	51
	52
	51 -> 52
	55
	56
	55 -> 56
	56
	57
	56 -> 57
	58
	56 -> 58
	57
	59
	57 -> 59
	58
	62
	58 -> 62
	59
	61
	59 -> 61
	61
	71
	61 -> 71
	62
	65
	62 -> 65
	65
	66
	65 -> 66
	79
	65 -> 79
	66
	67
	66 -> 67
	70
	66 -> 70
	67
	68
	67 -> 68
	68
	69
	68 -> 69
	69
	72
	69 -> 72
	75
	69 -> 75
	72
	73
	72 -> 73
	83
	72 -> 83
	73
	74
	73 -> 74
	80
	73 -> 80
	87
	73 -> 87
	74
	77
	74 -> 77
	85
	74 -> 85
	75
	76
	75 -> 76
	77
	78
	77 -> 78
	78
	82
	78 -> 82
	80
	81
	80 -> 81
	82
	86
	82 -> 86
	90
	82 -> 90
	92
	82 -> 92
	83
	84
	83 -> 84
	86
	89
	86 -> 89
	100
	86 -> 100
	87
	88
	87 -> 88
	88
	91
	88 -> 91
	89
	94
	89 -> 94
	90
	96
	90 -> 96
	91
	98
	91 -> 98
	92
	93
	92 -> 93
	103
	92 -> 103
	93
	95
	93 -> 95
	95
	99
	95 -> 99
	96
	97
	96 -> 97
	97
	102
	97 -> 102
	99
	101
	99 -> 101
	104
	99 -> 104
	101
	105
	101 -> 105
	102
	106
	102 -> 106
	103
	111
	103 -> 111
	104
	107
	104 -> 107
	105
	108
	105 -> 108
	106
	109
	106 -> 109
	107
	115
	107 -> 115
	108
	110
	108 -> 110
	109
	114
	109 -> 114
	110
	117
	110 -> 117
	120
	110 -> 120
	111
	112
	111 -> 112
	112
	113
	112 -> 113
	113
	122
	113 -> 122
	114
	118
	114 -> 118
	115
	116
	115 -> 116
	116
	119
	116 -> 119
	117
	125
	117 -> 125
	118
	121
	118 -> 121
	122
	123
	122 -> 123
	132
	122 -> 132
	123
	124
	123 -> 124
	124
	126
	124 -> 126
	125
	127
	125 -> 127
	126
	128
	126 -> 128
	127
	129
	127 -> 129
	128
	130
	128 -> 130
	129
	131
	129 -> 131
	140
	129 -> 140
	142
	129 -> 142
	130
	135
	130 -> 135
	131
	136
	131 -> 136
	132
	133
	132 -> 133
	133
	134
	133 -> 134
	134
	145
	134 -> 145
	135
	137
	135 -> 137
	136
	139
	136 -> 139
	137
	138
	137 -> 138
	138
	141
	138 -> 141
	139
	143
	139 -> 143
	140
	146
	140 -> 146
	141
	151
	141 -> 151
	143
	144
	143 -> 144
	144
	150
	144 -> 150
	157
	144 -> 157
	145
	148
	145 -> 148
	146
	147
	146 -> 147
	147
	149
	147 -> 149
	149
	152
	149 -> 152
	150
	155
	150 -> 155
	151
	153
	151 -> 153
	152
	158
	152 -> 158
	153
	154
	153 -> 154
	154
	156
	154 -> 156
	155
	160
	155 -> 160
	156
	161
	156 -> 161
	162
	156 -> 162
	163
	156 -> 163
	157
	159
	157 -> 159
	161
	169
	161 -> 169
	162
	164
	162 -> 164
	163
	167
	163 -> 167
	164
	165
	164 -> 165
	168
	164 -> 168
	165
	166
	165 -> 166
	166
	181
	166 -> 181
	167
	170
	167 -> 170
	168
	171
	168 -> 171
	169
	176
	169 -> 176
	170
	173
	170 -> 173
	171
	172
	171 -> 172
	174
	171 -> 174
	172
	179
	172 -> 179
	173
	175
	173 -> 175
	174
	178
	174 -> 178
	175
	177
	175 -> 177
	176
	186
	176 -> 186
	177
	180
	177 -> 180
	179
	184
	179 -> 184
	180
	182
	180 -> 182
	182
	183
	182 -> 183
	183
	189
	183 -> 189
	191
	183 -> 191
	184
	185
	184 -> 185
	185
	187
	185 -> 187
	186
	188
	186 -> 188
	187
	193
	187 -> 193
	188
	190
	188 -> 190
	189
	194
	189 -> 194
	190
	192
	190 -> 192
	191
	196
	191 -> 196
	192
	205
	192 -> 205
	193
	197
	193 -> 197
	194
	195
	194 -> 195
	195
	198
	195 -> 198
	196
	200
	196 -> 200
	197
	201
	197 -> 201
	198
	199
	198 -> 199
	224
	198 -> 224
	199
	207
	199 -> 207
	212
	199 -> 212
	200
	203
	200 -> 203
	201
	202
	201 -> 202
	203
	204
	203 -> 204
	204
	209
	204 -> 209
	231
	204 -> 231
	205
	206
	205 -> 206
	206
	208
	206 -> 208
	207
	210
	207 -> 210
	208
	216
	208 -> 216
	209
	213
	209 -> 213
	210
	211
	210 -> 211
	211
	215
	211 -> 215
	213
	214
	213 -> 214
	214
	217
	214 -> 217
	238
	214 -> 238
	215
	225
	215 -> 225
	216
	221
	216 -> 221
	217
	218
	217 -> 218
	218
	219
	218 -> 219
	230
	218 -> 230
	219
	220
	219 -> 220
	220
	222
	220 -> 222
	223
	220 -> 223
	235
	220 -> 235
	222
	226
	222 -> 226
	223
	228
	223 -> 228
	226
	227
	226 -> 227
	237
	226 -> 237
	227
	229
	227 -> 229
	228
	234
	228 -> 234
	229
	233
	229 -> 233
	231
	232
	231 -> 232
	233
	242
	233 -> 242
	234
	236
	234 -> 236
	235
	239
	235 -> 239
	236
	241
	236 -> 241
	238
	240
	238 -> 240
}
