digraph {
	rankdir=LR splines=line
	0
	1
	0 -> 1
	1
	2
	1 -> 2
	3
	1 -> 3
	2
	4
	2 -> 4
	4
	5
	4 -> 5
	7
	4 -> 7
	9
	4 -> 9
	13
	4 -> 13
	5
	6
	5 -> 6
	6
	11
	6 -> 11
	7
	8
	7 -> 8
	8
	14
	8 -> 14
	9
	10
	9 -> 10
	10
	19
	10 -> 19
	11
	12
	11 -> 12
	13
	15
	13 -> 15
	14
	16
	14 -> 16
	15
	20
	15 -> 20
	16
	17
	16 -> 17
	17
	18
	17 -> 18
	23
	17 -> 23
	26
	17 -> 26
	18
	21
	18 -> 21
	27
	18 -> 27
	20
	22
	20 -> 22
	21
	25
	21 -> 25
	22
	24
	22 -> 24
	24
	32
	24 -> 32
	25
	28
	25 -> 28
	26
	30
	26 -> 30
	27
	29
	27 -> 29
	28
	33
	28 -> 33
	29
	31
	29 -> 31
	37
	29 -> 37
	40
	29 -> 40
	31
	41
	31 -> 41
	46
	31 -> 46
	32
	34
	32 -> 34
	33
	38
	33 -> 38
	34
	35
	34 -> 35
	35
	36
	35 -> 36
	36
	39
	36 -> 39
	39
	48
	39 -> 48
	41
	42
	41 -> 42
	43
	41 -> 43
	42
	44
	42 -> 44
	53
	42 -> 53
	43
	45
	43 -> 45
	44
	47
	44 -> 47
	55
	44 -> 55
	45
	50
	45 -> 50
	48
	49
	48 -> 49
	50
	51
	50 -> 51
	64
	50 -> 64
	51
	52
	51 -> 52
	60
	51 -> 60
	52
	54
	52 -> 54
	56
	52 -> 56
	56
	57
	56 -> 57
	57
	58
	57 -> 58
	59
	57 -> 59
	58
	63
	58 -> 63
	59
	61
	59 -> 61
	61
	62
	61 -> 62
	62
	66
	62 -> 66
	63
	65
	63 -> 65
	65
	67
	65 -> 67
	80
	65 -> 80
	67
	68
	67 -> 68
	69
	67 -> 69
	69
	70
	69 -> 70
	70
	71
	70 -> 71
	71
	72
	71 -> 72
	74
	71 -> 74
	72
	73
	72 -> 73
	74
	75
	74 -> 75
	82
	74 -> 82
	75
	76
	75 -> 76
	81
	75 -> 81
	86
	75 -> 86
	76
	77
	76 -> 77
	78
	76 -> 78
	78
	79
	78 -> 79
	79
	84
	79 -> 84
	81
	83
	81 -> 83
	82
	88
	82 -> 88
	84
	85
	84 -> 85
	89
	84 -> 89
	92
	84 -> 92
	85
	87
	85 -> 87
	86
	91
	86 -> 91
	87
	90
	87 -> 90
	89
	95
	89 -> 95
	105
	89 -> 105
	90
	99
	90 -> 99
	91
	94
	91 -> 94
	92
	93
	92 -> 93
	106
	92 -> 106
	93
	97
	93 -> 97
	94
	98
	94 -> 98
	95
	96
	95 -> 96
	97
	100
	97 -> 100
	99
	101
	99 -> 101
	100
	103
	100 -> 103
	107
	100 -> 107
	101
	102
	101 -> 102
	102
	104
	102 -> 104
	103
	108
	103 -> 108
	104
	111
	104 -> 111
	106
	114
	106 -> 114
	107
	109
	107 -> 109
	108
	110
	108 -> 110
	109
	117
	109 -> 117
	110
	113
	110 -> 113
	111
	112
	111 -> 112
	113
	120
	113 -> 120
	124
	113 -> 124
	114
	115
	114 -> 115
	115
	116
	115 -> 116
	116
	121
	116 -> 121
	117
	118
	117 -> 118
	118
	119
	118 -> 119
	120
	125
	120 -> 125
	121
	122
	121 -> 122
	133
	121 -> 133
	122
	123
	122 -> 123
	123
	128
	123 -> 128
	125
	126
	125 -> 126
	126
	127
	126 -> 127
	127
	131
	127 -> 131
	132
	127 -> 132
	144
	127 -> 144
	128
	129
	128 -> 129
	129
	130
	129 -> 130
	130
	134
	130 -> 134
	131
	137
	131 -> 137
	132
	140
	132 -> 140
	133
	136
	133 -> 136
	134
	135
	134 -> 135
	135
	141
	135 -> 141
	136
	139
	136 -> 139
	137
	138
	137 -> 138
	138
	142
	138 -> 142
	139
	145
	139 -> 145
	140
	143
	140 -> 143
	141
	149
	141 -> 149
	142
	146
	142 -> 146
	143
	147
	143 -> 147
	145
	151
	145 -> 151
	146
	152
	146 -> 152
	147
	148
	147 -> 148
	148
	153
	148 -> 153
	158
	148 -> 158
	149
	150
	149 -> 150
	150
	154
	150 -> 154
	153
	160
	153 -> 160
	154
	155
	154 -> 155
	155
	156
	155 -> 156
	156
	157
	156 -> 157
	165
	156 -> 165
	168
	156 -> 168
	157
	159
	157 -> 159
	158
	161
	158 -> 161
	159
	162
	159 -> 162
	169
	159 -> 169
	160
	163
	160 -> 163
	162
	164
	162 -> 164
	164
	167
	164 -> 167
	178
	164 -> 178
	165
	166
	165 -> 166
	166
	173
	166 -> 173
	167
	174
	167 -> 174
	168
	171
	168 -> 171
	169
	170
	169 -> 170
	170
	184
	170 -> 184
	171
	172
	171 -> 172
	172
	175
	172 -> 175
	173
	185
	173 -> 185
	174
	176
	174 -> 176
	175
	179
	175 -> 179
	176
	177
	176 -> 177
	177
	183
	177 -> 183
	178
	180
	178 -> 180
	179
	181
	179 -> 181
	181
	182
	181 -> 182
	182
	187
	182 -> 187
	183
	186
	183 -> 186
	185
	190
	185 -> 190
	186
	189
	186 -> 189
	187
	188
	187 -> 188
	188
	192
	188 -> 192
	196
	188 -> 196
	189
	193
	189 -> 193
	190
	191
	190 -> 191
	191
	194
	191 -> 194
	192
	197
	192 -> 197
	193
	195
	193 -> 195
	194
	206
	194 -> 206
	196
	201
	196 -> 201
	197
	198
	197 -> 198
	198
	199
	198 -> 199
	199
	200
	199 -> 200
	227
	199 -> 227
	200
	203
	200 -> 203
	209
	200 -> 209
	201
	202
	201 -> 202
	202
	204
	202 -> 204
	204
	205
	204 -> 205
	205
	210
	205 -> 210
	231
	205 -> 231
	206
	207
	206 -> 207
	207
	208
	207 -> 208
	208
	216
	208 -> 216
	209
	211
	209 -> 211
	210
	213
	210 -> 213
	211
	212
	211 -> 212
	212
	215
	212 -> 215
	213
	214
	213 -> 214
	214
	217
	214 -> 217
	229
	214 -> 229
	215
	218
	215 -> 218
	216
	221
	216 -> 221
	217
	219
	217 -> 219
	219
	220
	219 -> 220
	222
	219 -> 222
	220
	223
	220 -> 223
	223
	224
	223 -> 224
	225
	223 -> 225
	226
	223 -> 226
	224
	230
	224 -> 230
	225
	234
	225 -> 234
	226
	228
	226 -> 228
	229
	237
	229 -> 237
	230
	233
	230 -> 233
	231
	232
	231 -> 232
	233
	235
	233 -> 235
	235
	236
	235 -> 236
	236
	239
	236 -> 239
	237
	238
	237 -> 238
}
