digraph {
	rankdir=LR splines=line
	0
	1
	0 -> 1
	1
	2
	1 -> 2
	4
	1 -> 4
	2
	3
	2 -> 3
	3
	5
	3 -> 5
	6
	3 -> 6
	9
	3 -> 9
	10
	3 -> 10
	5
	7
	5 -> 7
	6
	8
	6 -> 8
	7
	11
	7 -> 11
	8
	13
	8 -> 13
	9
	16
	9 -> 16
	10
	12
	10 -> 12
	12
	20
	12 -> 20
	13
	14
	13 -> 14
	14
	15
	14 -> 15
	15
	17
	15 -> 17
	22
	15 -> 22
	23
	15 -> 23
	16
	18
	16 -> 18
	17
	25
	17 -> 25
	18
	19
	18 -> 19
	19
	24
	19 -> 24
	20
	21
	20 -> 21
	22
	26
	22 -> 26
	28
	22 -> 28
	24
	27
	24 -> 27
	26
	29
	26 -> 29
	27
	36
	27 -> 36
	28
	31
	28 -> 31
	29
	30
	29 -> 30
	35
	29 -> 35
	41
	29 -> 41
	30
	32
	30 -> 32
	47
	30 -> 47
	31
	34
	31 -> 34
	32
	33
	32 -> 33
	44
	32 -> 44
	33
	40
	33 -> 40
	34
	42
	34 -> 42
	36
	37
	36 -> 37
	37
	38
	37 -> 38
	38
	39
	38 -> 39
	39
	50
	39 -> 50
	40
	45
	40 -> 45
	42
	43
	42 -> 43
	44
	46
	44 -> 46
	62
	44 -> 62
	45
	48
	45 -> 48
	63
	45 -> 63
	46
	55
	46 -> 55
	57
	46 -> 57
	48
	49
	48 -> 49
	60
	48 -> 60
	49
	51
	49 -> 51
	56
	49 -> 56
	50
	52
	50 -> 52
	51
	53
	51 -> 53
	53
	54
	53 -> 54
	58
	53 -> 58
	54
	59
	54 -> 59
	58
	65
	58 -> 65
	59
	61
	59 -> 61
	61
	64
	61 -> 64
	83
	61 -> 83
	64
	67
	64 -> 67
	68
	64 -> 68
	65
	66
	65 -> 66
	66
	69
	66 -> 69
	68
	70
	68 -> 70
	70
	71
	70 -> 71
	71
	72
	71 -> 72
	75
	71 -> 75
	72
	73
	72 -> 73
	74
	72 -> 74
	73
	76
	73 -> 76
	79
	73 -> 79
	82
	73 -> 82
	74
	77
	74 -> 77
	75
	78
	75 -> 78
	76
	80
	76 -> 80
	88
	76 -> 88
	79
	85
	79 -> 85
	80
	81
	80 -> 81
	81
	84
	81 -> 84
	82
	94
	82 -> 94
	84
	86
	84 -> 86
	90
	84 -> 90
	92
	84 -> 92
	86
	87
	86 -> 87
	100
	86 -> 100
	87
	89
	87 -> 89
	89
	91
	89 -> 91
	90
	95
	90 -> 95
	103
	90 -> 103
	91
	101
	91 -> 101
	104
	91 -> 104
	92
	93
	92 -> 93
	93
	96
	93 -> 96
	94
	97
	94 -> 97
	95
	99
	95 -> 99
	96
	106
	96 -> 106
	97
	98
	97 -> 98
	100
	108
	100 -> 108
	101
	102
	101 -> 102
	102
	105
	102 -> 105
	104
	112
	104 -> 112
	105
	107
	105 -> 107
	106
	111
	106 -> 111
	107
	115
	107 -> 115
	108
	109
	108 -> 109
	109
	110
	109 -> 110
	110
	119
	110 -> 119
	111
	113
	111 -> 113
	112
	114
	112 -> 114
	113
	116
	113 -> 116
	114
	117
	114 -> 117
	116
	118
	116 -> 118
	117
	124
	117 -> 124
	127
	117 -> 127
	118
	125
	118 -> 125
	119
	120
	119 -> 120
	126
	119 -> 126
	120
	121
	120 -> 121
	121
	122
	121 -> 122
	122
	123
	122 -> 123
	123
	134
	123 -> 134
	124
	128
	124 -> 128
	126
	129
	126 -> 129
	128
	130
	128 -> 130
	129
	131
	129 -> 131
	130
	132
	130 -> 132
	131
	136
	131 -> 136
	132
	133
	132 -> 133
	143
	132 -> 143
	145
	132 -> 145
	133
	139
	133 -> 139
	134
	135
	134 -> 135
	135
	137
	135 -> 137
	136
	140
	136 -> 140
	137
	138
	137 -> 138
	138
	141
	138 -> 141
	139
	142
	139 -> 142
	141
	150
	141 -> 150
	142
	146
	142 -> 146
	143
	144
	143 -> 144
	144
	148
	144 -> 148
	146
	147
	146 -> 147
	147
	149
	147 -> 149
	155
	147 -> 155
	148
	153
	148 -> 153
	149
	154
	149 -> 154
	150
	151
	150 -> 151
	151
	152
	151 -> 152
	152
	158
	152 -> 158
	153
	156
	153 -> 156
	155
	157
	155 -> 157
	156
	161
	156 -> 161
	157
	164
	157 -> 164
	158
	159
	158 -> 159
	160
	158 -> 160
	165
	158 -> 165
	159
	173
	159 -> 173
	160
	162
	160 -> 162
	162
	163
	162 -> 163
	163
	167
	163 -> 167
	165
	166
	165 -> 166
	166
	168
	166 -> 168
	172
	166 -> 172
	167
	169
	167 -> 169
	168
	170
	168 -> 170
	169
	171
	169 -> 171
	170
	180
	170 -> 180
	171
	174
	171 -> 174
	172
	175
	172 -> 175
	173
	177
	173 -> 177
	174
	178
	174 -> 178
	175
	176
	175 -> 176
	181
	175 -> 181
	176
	183
	176 -> 183
	177
	185
	177 -> 185
	178
	179
	178 -> 179
	179
	184
	179 -> 184
	192
	179 -> 192
	181
	182
	181 -> 182
	183
	186
	183 -> 186
	184
	189
	184 -> 189
	185
	190
	185 -> 190
	186
	187
	186 -> 187
	187
	188
	187 -> 188
	188
	196
	188 -> 196
	189
	193
	189 -> 193
	190
	191
	190 -> 191
	191
	195
	191 -> 195
	192
	198
	192 -> 198
	193
	194
	193 -> 194
	194
	197
	194 -> 197
	195
	204
	195 -> 204
	196
	199
	196 -> 199
	197
	201
	197 -> 201
	225
	197 -> 225
	198
	200
	198 -> 200
	199
	208
	199 -> 208
	200
	202
	200 -> 202
	201
	206
	201 -> 206
	202
	203
	202 -> 203
	226
	202 -> 226
	203
	211
	203 -> 211
	212
	203 -> 212
	204
	205
	204 -> 205
	205
	213
	205 -> 213
	206
	207
	206 -> 207
	207
	210
	207 -> 210
	208
	209
	208 -> 209
	210
	214
	210 -> 214
	211
	215
	211 -> 215
	213
	216
	213 -> 216
	214
	217
	214 -> 217
	231
	214 -> 231
	215
	219
	215 -> 219
	216
	222
	216 -> 222
	217
	218
	217 -> 218
	218
	220
	218 -> 220
	224
	218 -> 224
	238
	218 -> 238
	219
	221
	219 -> 221
	220
	223
	220 -> 223
	221
	229
	221 -> 229
	223
	227
	223 -> 227
	224
	230
	224 -> 230
	225
	235
	225 -> 235
	227
	228
	227 -> 228
	228
	232
	228 -> 232
	230
	233
	230 -> 233
	237
	230 -> 237
	232
	239
	232 -> 239
	233
	234
	233 -> 234
	234
	236
	234 -> 236
}
