digraph {
	rankdir=LR splines=line
	0
	1
	0 -> 1
	1
	2
	1 -> 2
	3
	1 -> 3
	3
	4
	3 -> 4
	4
	5
	4 -> 5
	7
	4 -> 7
	9
	4 -> 9
	13
	4 -> 13
	5
	6
	5 -> 6
	6
	8
	6 -> 8
	7
	12
	7 -> 12
	8
	11
	8 -> 11
	9
	10
	9 -> 10
	10
	15
	10 -> 15
	11
	17
	11 -> 17
	12
	21
	12 -> 21
	13
	14
	13 -> 14
	14
	19
	14 -> 19
	15
	16
	15 -> 16
	16
	18
	16 -> 18
	17
	20
	17 -> 20
	18
	24
	18 -> 24
	26
	18 -> 26
	29
	18 -> 29
	20
	23
	20 -> 23
	21
	22
	21 -> 22
	23
	25
	23 -> 25
	24
	30
	24 -> 30
	25
	27
	25 -> 27
	26
	28
	26 -> 28
	31
	26 -> 31
	27
	34
	27 -> 34
	28
	32
	28 -> 32
	31
	36
	31 -> 36
	32
	33
	32 -> 33
	35
	32 -> 35
	38
	32 -> 38
	34
	40
	34 -> 40
	36
	37
	36 -> 37
	37
	39
	37 -> 39
	38
	41
	38 -> 41
	47
	38 -> 47
	39
	48
	39 -> 48
	40
	43
	40 -> 43
	41
	42
	41 -> 42
	44
	41 -> 44
	42
	46
	42 -> 46
	44
	45
	44 -> 45
	62
	44 -> 62
	45
	54
	45 -> 54
	55
	45 -> 55
	46
	49
	46 -> 49
	49
	50
	49 -> 50
	51
	49 -> 51
	51
	52
	51 -> 52
	53
	51 -> 53
	52
	56
	52 -> 56
	58
	52 -> 58
	56
	57
	56 -> 57
	57
	59
	57 -> 59
	60
	57 -> 60
	59
	63
	59 -> 63
	60
	61
	60 -> 61
	61
	64
	61 -> 64
	63
	66
	63 -> 66
	64
	65
	64 -> 65
	67
	64 -> 67
	66
	75
	66 -> 75
	67
	68
	67 -> 68
	69
	67 -> 69
	69
	70
	69 -> 70
	70
	71
	70 -> 71
	71
	72
	71 -> 72
	79
	71 -> 79
	72
	73
	72 -> 73
	88
	72 -> 88
	73
	74
	73 -> 74
	78
	73 -> 78
	84
	73 -> 84
	74
	76
	74 -> 76
	76
	77
	76 -> 77
	77
	81
	77 -> 81
	78
	82
	78 -> 82
	90
	78 -> 90
	79
	80
	79 -> 80
	82
	83
	82 -> 83
	83
	86
	83 -> 86
	84
	85
	84 -> 85
	86
	87
	86 -> 87
	91
	86 -> 91
	92
	86 -> 92
	87
	89
	87 -> 89
	100
	87 -> 100
	88
	93
	88 -> 93
	89
	94
	89 -> 94
	91
	96
	91 -> 96
	92
	95
	92 -> 95
	105
	92 -> 105
	94
	98
	94 -> 98
	95
	104
	95 -> 104
	96
	97
	96 -> 97
	97
	109
	97 -> 109
	98
	99
	98 -> 99
	99
	102
	99 -> 102
	100
	101
	100 -> 101
	101
	107
	101 -> 107
	102
	103
	102 -> 103
	130
	102 -> 130
	103
	106
	103 -> 106
	106
	110
	106 -> 110
	107
	108
	107 -> 108
	111
	107 -> 111
	108
	112
	108 -> 112
	109
	117
	109 -> 117
	110
	113
	110 -> 113
	111
	114
	111 -> 114
	112
	121
	112 -> 121
	113
	115
	113 -> 115
	114
	120
	114 -> 120
	115
	116
	115 -> 116
	116
	124
	116 -> 124
	117
	118
	117 -> 118
	118
	119
	118 -> 119
	119
	125
	119 -> 125
	120
	123
	120 -> 123
	121
	122
	121 -> 122
	122
	131
	122 -> 131
	123
	128
	123 -> 128
	129
	123 -> 129
	124
	126
	124 -> 126
	125
	133
	125 -> 133
	126
	127
	126 -> 127
	127
	135
	127 -> 135
	128
	132
	128 -> 132
	130
	140
	130 -> 140
	132
	134
	132 -> 134
	134
	136
	134 -> 136
	135
	138
	135 -> 138
	136
	137
	136 -> 137
	145
	136 -> 145
	151
	136 -> 151
	137
	141
	137 -> 141
	138
	139
	138 -> 139
	139
	142
	139 -> 142
	140
	143
	140 -> 143
	141
	144
	141 -> 144
	142
	150
	142 -> 150
	164
	142 -> 164
	166
	142 -> 166
	143
	152
	143 -> 152
	144
	148
	144 -> 148
	145
	146
	145 -> 146
	146
	147
	146 -> 147
	147
	154
	147 -> 154
	148
	149
	148 -> 149
	149
	158
	149 -> 158
	159
	149 -> 159
	150
	155
	150 -> 155
	152
	153
	152 -> 153
	154
	156
	154 -> 156
	155
	160
	155 -> 160
	156
	157
	156 -> 157
	158
	162
	158 -> 162
	159
	161
	159 -> 161
	160
	165
	160 -> 165
	162
	163
	162 -> 163
	164
	167
	164 -> 167
	165
	172
	165 -> 172
	166
	168
	166 -> 168
	167
	173
	167 -> 173
	168
	169
	168 -> 169
	170
	168 -> 170
	169
	179
	169 -> 179
	170
	171
	170 -> 171
	171
	176
	171 -> 176
	172
	175
	172 -> 175
	173
	174
	173 -> 174
	174
	178
	174 -> 178
	175
	177
	175 -> 177
	177
	181
	177 -> 181
	178
	184
	178 -> 184
	179
	180
	179 -> 180
	182
	179 -> 182
	180
	186
	180 -> 186
	181
	185
	181 -> 185
	182
	183
	182 -> 183
	184
	188
	184 -> 188
	185
	193
	185 -> 193
	186
	187
	186 -> 187
	187
	191
	187 -> 191
	188
	189
	188 -> 189
	189
	190
	189 -> 190
	190
	194
	190 -> 194
	197
	190 -> 197
	191
	192
	191 -> 192
	192
	195
	192 -> 195
	193
	196
	193 -> 196
	194
	199
	194 -> 199
	195
	205
	195 -> 205
	196
	200
	196 -> 200
	197
	198
	197 -> 198
	198
	203
	198 -> 203
	199
	201
	199 -> 201
	201
	202
	201 -> 202
	202
	208
	202 -> 208
	211
	202 -> 211
	203
	204
	203 -> 204
	204
	209
	204 -> 209
	205
	206
	205 -> 206
	206
	207
	206 -> 207
	209
	210
	209 -> 210
	213
	209 -> 213
	210
	214
	210 -> 214
	211
	212
	211 -> 212
	215
	211 -> 215
	212
	217
	212 -> 217
	213
	216
	213 -> 216
	214
	219
	214 -> 219
	217
	218
	217 -> 218
	218
	222
	218 -> 222
	219
	220
	219 -> 220
	223
	219 -> 223
	220
	221
	220 -> 221
	221
	226
	221 -> 226
	222
	232
	222 -> 232
	223
	224
	223 -> 224
	224
	225
	224 -> 225
	225
	230
	225 -> 230
	226
	227
	226 -> 227
	227
	228
	227 -> 228
	229
	227 -> 229
	228
	236
	228 -> 236
	229
	234
	229 -> 234
	230
	231
	230 -> 231
	231
	233
	231 -> 233
	234
	235
	234 -> 235
	235
	237
	235 -> 237
}
