digraph {
	rankdir=LR splines=line
	0
	1
	0 -> 1
	1
	2
	1 -> 2
	3
	1 -> 3
	2
	4
	2 -> 4
	4
	5
	4 -> 5
	7
	4 -> 7
	8
	4 -> 8
	13
	4 -> 13
	5
	6
	5 -> 6
	6
	10
	6 -> 10
	7
	9
	7 -> 9
	8
	11
	8 -> 11
	9
	19
	9 -> 19
	10
	12
	10 -> 12
	11
	18
	11 -> 18
	12
	17
	12 -> 17
	13
	14
	13 -> 14
	14
	15
	14 -> 15
	15
	16
	15 -> 16
	16
	24
	16 -> 24
	17
	21
	17 -> 21
	22
	17 -> 22
	23
	17 -> 23
	19
	20
	19 -> 20
	21
	25
	21 -> 25
	26
	21 -> 26
	23
	31
	23 -> 31
	24
	29
	24 -> 29
	25
	27
	25 -> 27
	26
	32
	26 -> 32
	27
	28
	27 -> 28
	30
	27 -> 30
	37
	27 -> 37
	29
	33
	29 -> 33
	30
	38
	30 -> 38
	45
	30 -> 45
	32
	35
	32 -> 35
	33
	34
	33 -> 34
	34
	36
	34 -> 36
	35
	39
	35 -> 39
	36
	42
	36 -> 42
	38
	40
	38 -> 40
	41
	38 -> 41
	39
	44
	39 -> 44
	40
	43
	40 -> 43
	60
	40 -> 60
	41
	46
	41 -> 46
	42
	47
	42 -> 47
	43
	49
	43 -> 49
	55
	43 -> 55
	46
	48
	46 -> 48
	47
	50
	47 -> 50
	48
	51
	48 -> 51
	64
	48 -> 64
	51
	52
	51 -> 52
	59
	51 -> 59
	52
	53
	52 -> 53
	54
	52 -> 54
	53
	56
	53 -> 56
	56
	57
	56 -> 57
	58
	56 -> 58
	57
	61
	57 -> 61
	58
	63
	58 -> 63
	61
	62
	61 -> 62
	62
	71
	62 -> 71
	63
	65
	63 -> 65
	65
	66
	65 -> 66
	79
	65 -> 79
	66
	67
	66 -> 67
	69
	66 -> 69
	67
	68
	67 -> 68
	68
	70
	68 -> 70
	70
	72
	70 -> 72
	74
	70 -> 74
	72
	73
	72 -> 73
	77
	72 -> 77
	73
	76
	73 -> 76
	81
	73 -> 81
	86
	73 -> 86
	74
	75
	74 -> 75
	76
	78
	76 -> 78
	84
	76 -> 84
	77
	85
	77 -> 85
	78
	80
	78 -> 80
	80
	83
	80 -> 83
	81
	82
	81 -> 82
	83
	87
	83 -> 87
	89
	83 -> 89
	93
	83 -> 93
	86
	88
	86 -> 88
	87
	90
	87 -> 90
	91
	87 -> 91
	88
	92
	88 -> 92
	89
	99
	89 -> 99
	91
	95
	91 -> 95
	92
	97
	92 -> 97
	93
	94
	93 -> 94
	98
	93 -> 98
	94
	96
	94 -> 96
	96
	101
	96 -> 101
	98
	110
	98 -> 110
	99
	100
	99 -> 100
	100
	103
	100 -> 103
	101
	102
	101 -> 102
	104
	101 -> 104
	102
	108
	102 -> 108
	103
	105
	103 -> 105
	104
	107
	104 -> 107
	105
	106
	105 -> 106
	106
	116
	106 -> 116
	107
	109
	107 -> 109
	108
	118
	108 -> 118
	109
	117
	109 -> 117
	110
	111
	110 -> 111
	111
	112
	111 -> 112
	112
	113
	112 -> 113
	113
	114
	113 -> 114
	132
	113 -> 132
	114
	115
	114 -> 115
	115
	126
	115 -> 126
	116
	121
	116 -> 121
	117
	120
	117 -> 120
	122
	117 -> 122
	118
	119
	118 -> 119
	119
	123
	119 -> 123
	120
	124
	120 -> 124
	121
	125
	121 -> 125
	124
	127
	124 -> 127
	126
	128
	126 -> 128
	127
	130
	127 -> 130
	128
	129
	128 -> 129
	129
	133
	129 -> 133
	130
	131
	130 -> 131
	140
	130 -> 140
	141
	130 -> 141
	131
	136
	131 -> 136
	132
	134
	132 -> 134
	133
	137
	133 -> 137
	134
	135
	134 -> 135
	135
	145
	135 -> 145
	136
	139
	136 -> 139
	137
	138
	137 -> 138
	138
	142
	138 -> 142
	139
	144
	139 -> 144
	140
	147
	140 -> 147
	142
	143
	142 -> 143
	143
	149
	143 -> 149
	144
	146
	144 -> 146
	145
	151
	145 -> 151
	146
	152
	146 -> 152
	156
	146 -> 156
	147
	148
	147 -> 148
	148
	150
	148 -> 150
	149
	153
	149 -> 153
	150
	154
	150 -> 154
	152
	155
	152 -> 155
	153
	157
	153 -> 157
	154
	159
	154 -> 159
	155
	161
	155 -> 161
	156
	160
	156 -> 160
	157
	158
	157 -> 158
	163
	157 -> 163
	164
	157 -> 164
	158
	162
	158 -> 162
	162
	167
	162 -> 167
	163
	165
	163 -> 165
	164
	170
	164 -> 170
	165
	166
	165 -> 166
	169
	165 -> 169
	166
	168
	166 -> 168
	167
	176
	167 -> 176
	168
	182
	168 -> 182
	169
	172
	169 -> 172
	170
	171
	170 -> 171
	171
	174
	171 -> 174
	172
	173
	172 -> 173
	177
	172 -> 177
	173
	180
	173 -> 180
	174
	175
	174 -> 175
	175
	178
	175 -> 178
	176
	188
	176 -> 188
	177
	179
	177 -> 179
	178
	181
	178 -> 181
	180
	185
	180 -> 185
	181
	183
	181 -> 183
	183
	184
	183 -> 184
	184
	191
	184 -> 191
	192
	184 -> 192
	185
	186
	185 -> 186
	186
	187
	186 -> 187
	187
	194
	187 -> 194
	188
	189
	188 -> 189
	189
	190
	189 -> 190
	190
	205
	190 -> 205
	191
	193
	191 -> 193
	192
	195
	192 -> 195
	193
	199
	193 -> 199
	194
	196
	194 -> 196
	195
	202
	195 -> 202
	196
	197
	196 -> 197
	197
	198
	197 -> 198
	199
	200
	199 -> 200
	200
	201
	200 -> 201
	219
	200 -> 219
	201
	207
	201 -> 207
	208
	201 -> 208
	202
	203
	202 -> 203
	203
	204
	203 -> 204
	204
	209
	204 -> 209
	224
	204 -> 224
	205
	206
	205 -> 206
	206
	210
	206 -> 210
	208
	212
	208 -> 212
	209
	213
	209 -> 213
	210
	211
	210 -> 211
	211
	216
	211 -> 216
	212
	214
	212 -> 214
	213
	215
	213 -> 215
	214
	218
	214 -> 218
	215
	217
	215 -> 217
	235
	215 -> 235
	217
	220
	217 -> 220
	218
	227
	218 -> 227
	220
	221
	220 -> 221
	233
	220 -> 233
	221
	222
	221 -> 222
	222
	223
	222 -> 223
	225
	222 -> 225
	236
	222 -> 236
	223
	229
	223 -> 229
	224
	226
	224 -> 226
	225
	228
	225 -> 228
	228
	231
	228 -> 231
	229
	230
	229 -> 230
	230
	238
	230 -> 238
	231
	232
	231 -> 232
	232
	234
	232 -> 234
	236
	237
	236 -> 237
}
