digraph {
	rankdir=LR splines=line
	0
	1
	0 -> 1
	1
	2
	1 -> 2
	4
	1 -> 4
	2
	3
	2 -> 3
	3
	5
	3 -> 5
	7
	3 -> 7
	8
	3 -> 8
	13
	3 -> 13
	5
	6
	5 -> 6
	6
	10
	6 -> 10
	7
	12
	7 -> 12
	8
	9
	8 -> 9
	9
	17
	9 -> 17
	10
	11
	10 -> 11
	11
	15
	11 -> 15
	12
	18
	12 -> 18
	13
	14
	13 -> 14
	14
	16
	14 -> 16
	15
	21
	15 -> 21
	22
	15 -> 22
	23
	15 -> 23
	16
	20
	16 -> 20
	17
	19
	17 -> 19
	20
	25
	20 -> 25
	21
	24
	21 -> 24
	27
	21 -> 27
	23
	29
	23 -> 29
	24
	28
	24 -> 28
	25
	26
	25 -> 26
	26
	32
	26 -> 32
	27
	30
	27 -> 30
	28
	31
	28 -> 31
	35
	28 -> 35
	39
	28 -> 39
	30
	37
	30 -> 37
	31
	36
	31 -> 36
	40
	31 -> 40
	32
	33
	32 -> 33
	33
	34
	33 -> 34
	34
	38
	34 -> 38
	37
	41
	37 -> 41
	38
	50
	38 -> 50
	40
	42
	40 -> 42
	43
	40 -> 43
	41
	45
	41 -> 45
	42
	44
	42 -> 44
	55
	42 -> 55
	43
	46
	43 -> 46
	44
	52
	44 -> 52
	56
	44 -> 56
	46
	47
	46 -> 47
	47
	48
	47 -> 48
	61
	47 -> 61
	48
	49
	48 -> 49
	58
	48 -> 58
	49
	53
	49 -> 53
	54
	49 -> 54
	50
	51
	50 -> 51
	53
	57
	53 -> 57
	57
	59
	57 -> 59
	60
	57 -> 60
	59
	62
	59 -> 62
	60
	64
	60 -> 64
	62
	63
	62 -> 63
	63
	71
	63 -> 71
	64
	65
	64 -> 65
	65
	66
	65 -> 66
	74
	65 -> 74
	66
	67
	66 -> 67
	68
	66 -> 68
	67
	69
	67 -> 69
	69
	70
	69 -> 70
	70
	72
	70 -> 72
	78
	70 -> 78
	72
	73
	72 -> 73
	82
	72 -> 82
	73
	75
	73 -> 75
	76
	73 -> 76
	86
	73 -> 86
	75
	77
	75 -> 77
	76
	80
	76 -> 80
	85
	76 -> 85
	78
	79
	78 -> 79
	80
	81
	80 -> 81
	81
	83
	81 -> 83
	82
	84
	82 -> 84
	83
	88
	83 -> 88
	91
	83 -> 91
	93
	83 -> 93
	86
	87
	86 -> 87
	87
	89
	87 -> 89
	88
	90
	88 -> 90
	98
	88 -> 98
	89
	100
	89 -> 100
	90
	92
	90 -> 92
	91
	96
	91 -> 96
	93
	94
	93 -> 94
	101
	93 -> 101
	94
	95
	94 -> 95
	95
	99
	95 -> 99
	96
	97
	96 -> 97
	97
	103
	97 -> 103
	99
	102
	99 -> 102
	104
	99 -> 104
	101
	113
	101 -> 113
	102
	106
	102 -> 106
	103
	107
	103 -> 107
	104
	105
	104 -> 105
	105
	109
	105 -> 109
	106
	108
	106 -> 108
	107
	110
	107 -> 110
	108
	111
	108 -> 111
	109
	116
	109 -> 116
	110
	112
	110 -> 112
	111
	117
	111 -> 117
	121
	111 -> 121
	112
	119
	112 -> 119
	113
	114
	113 -> 114
	114
	115
	114 -> 115
	115
	123
	115 -> 123
	116
	118
	116 -> 118
	117
	122
	117 -> 122
	119
	120
	119 -> 120
	122
	128
	122 -> 128
	123
	124
	123 -> 124
	133
	123 -> 133
	124
	125
	124 -> 125
	125
	126
	125 -> 126
	126
	127
	126 -> 127
	127
	131
	127 -> 131
	128
	129
	128 -> 129
	129
	130
	129 -> 130
	141
	129 -> 141
	143
	129 -> 143
	130
	139
	130 -> 139
	131
	132
	131 -> 132
	132
	136
	132 -> 136
	133
	134
	133 -> 134
	134
	135
	134 -> 135
	135
	145
	135 -> 145
	136
	137
	136 -> 137
	137
	138
	137 -> 138
	138
	149
	138 -> 149
	139
	140
	139 -> 140
	140
	142
	140 -> 142
	141
	147
	141 -> 147
	142
	144
	142 -> 144
	144
	151
	144 -> 151
	152
	144 -> 152
	145
	146
	145 -> 146
	147
	148
	147 -> 148
	148
	150
	148 -> 150
	149
	153
	149 -> 153
	150
	155
	150 -> 155
	151
	157
	151 -> 157
	152
	158
	152 -> 158
	153
	154
	153 -> 154
	154
	156
	154 -> 156
	155
	159
	155 -> 159
	156
	161
	156 -> 161
	162
	156 -> 162
	163
	156 -> 163
	157
	160
	157 -> 160
	161
	168
	161 -> 168
	162
	165
	162 -> 165
	163
	164
	163 -> 164
	164
	170
	164 -> 170
	165
	166
	165 -> 166
	169
	165 -> 169
	166
	167
	166 -> 167
	167
	182
	167 -> 182
	168
	172
	168 -> 172
	169
	171
	169 -> 171
	170
	173
	170 -> 173
	171
	174
	171 -> 174
	176
	171 -> 176
	172
	179
	172 -> 179
	173
	175
	173 -> 175
	174
	180
	174 -> 180
	175
	178
	175 -> 178
	176
	177
	176 -> 177
	178
	181
	178 -> 181
	179
	187
	179 -> 187
	180
	185
	180 -> 185
	181
	183
	181 -> 183
	183
	184
	183 -> 184
	184
	190
	184 -> 190
	192
	184 -> 192
	185
	186
	185 -> 186
	186
	188
	186 -> 188
	187
	189
	187 -> 189
	188
	193
	188 -> 193
	189
	191
	189 -> 191
	190
	194
	190 -> 194
	191
	205
	191 -> 205
	192
	196
	192 -> 196
	193
	197
	193 -> 197
	194
	195
	194 -> 195
	195
	198
	195 -> 198
	196
	200
	196 -> 200
	197
	201
	197 -> 201
	198
	199
	198 -> 199
	226
	198 -> 226
	199
	207
	199 -> 207
	214
	199 -> 214
	200
	203
	200 -> 203
	201
	202
	201 -> 202
	203
	204
	203 -> 204
	204
	209
	204 -> 209
	223
	204 -> 223
	205
	206
	205 -> 206
	206
	208
	206 -> 208
	207
	211
	207 -> 211
	208
	212
	208 -> 212
	209
	210
	209 -> 210
	210
	215
	210 -> 215
	211
	213
	211 -> 213
	212
	216
	212 -> 216
	213
	217
	213 -> 217
	215
	218
	215 -> 218
	234
	215 -> 234
	217
	227
	217 -> 227
	218
	219
	218 -> 219
	219
	220
	219 -> 220
	233
	219 -> 233
	220
	221
	220 -> 221
	221
	222
	221 -> 222
	224
	221 -> 224
	238
	221 -> 238
	222
	232
	222 -> 232
	223
	225
	223 -> 225
	224
	228
	224 -> 228
	228
	229
	228 -> 229
	230
	228 -> 230
	230
	231
	230 -> 231
	231
	235
	231 -> 235
	232
	236
	232 -> 236
	236
	237
	236 -> 237
}
