digraph {
	rankdir=LR splines=line
	0
	1
	0 -> 1
	1
	2
	1 -> 2
	3
	1 -> 3
	2
	4
	2 -> 4
	4
	5
	4 -> 5
	7
	4 -> 7
	8
	4 -> 8
	9
	4 -> 9
	5
	6
	5 -> 6
	6
	11
	6 -> 11
	7
	12
	7 -> 12
	8
	14
	8 -> 14
	9
	10
	9 -> 10
	10
	17
	10 -> 17
	11
	13
	11 -> 13
	12
	16
	12 -> 16
	13
	15
	13 -> 15
	14
	18
	14 -> 18
	15
	21
	15 -> 21
	22
	15 -> 22
	23
	15 -> 23
	16
	20
	16 -> 20
	17
	19
	17 -> 19
	20
	26
	20 -> 26
	21
	24
	21 -> 24
	25
	21 -> 25
	22
	28
	22 -> 28
	24
	27
	24 -> 27
	25
	30
	25 -> 30
	26
	29
	26 -> 29
	27
	31
	27 -> 31
	34
	27 -> 34
	36
	27 -> 36
	29
	32
	29 -> 32
	30
	35
	30 -> 35
	31
	39
	31 -> 39
	44
	31 -> 44
	32
	33
	32 -> 33
	33
	38
	33 -> 38
	35
	37
	35 -> 37
	37
	45
	37 -> 45
	38
	42
	38 -> 42
	39
	40
	39 -> 40
	41
	39 -> 41
	40
	46
	40 -> 46
	41
	43
	41 -> 43
	62
	41 -> 62
	42
	47
	42 -> 47
	43
	50
	43 -> 50
	53
	43 -> 53
	46
	49
	46 -> 49
	47
	48
	47 -> 48
	49
	51
	49 -> 51
	59
	49 -> 59
	51
	52
	51 -> 52
	60
	51 -> 60
	52
	54
	52 -> 54
	55
	52 -> 55
	55
	56
	55 -> 56
	56
	57
	56 -> 57
	58
	56 -> 58
	57
	63
	57 -> 63
	58
	61
	58 -> 61
	61
	64
	61 -> 64
	63
	65
	63 -> 65
	64
	71
	64 -> 71
	65
	66
	65 -> 66
	80
	65 -> 80
	66
	67
	66 -> 67
	69
	66 -> 69
	67
	68
	67 -> 68
	68
	70
	68 -> 70
	70
	72
	70 -> 72
	74
	70 -> 74
	72
	73
	72 -> 73
	82
	72 -> 82
	73
	76
	73 -> 76
	79
	73 -> 79
	84
	73 -> 84
	74
	75
	74 -> 75
	76
	77
	76 -> 77
	88
	76 -> 88
	77
	78
	77 -> 78
	78
	81
	78 -> 81
	79
	83
	79 -> 83
	81
	89
	81 -> 89
	91
	81 -> 91
	92
	81 -> 92
	82
	87
	82 -> 87
	84
	85
	84 -> 85
	85
	86
	85 -> 86
	86
	95
	86 -> 95
	89
	90
	89 -> 90
	100
	89 -> 100
	90
	94
	90 -> 94
	91
	96
	91 -> 96
	92
	93
	92 -> 93
	103
	92 -> 103
	93
	98
	93 -> 98
	96
	97
	96 -> 97
	97
	102
	97 -> 102
	98
	99
	98 -> 99
	99
	101
	99 -> 101
	107
	99 -> 107
	101
	108
	101 -> 108
	102
	109
	102 -> 109
	103
	104
	103 -> 104
	104
	105
	104 -> 105
	105
	106
	105 -> 106
	106
	120
	106 -> 120
	107
	110
	107 -> 110
	108
	111
	108 -> 111
	109
	112
	109 -> 112
	110
	116
	110 -> 116
	111
	114
	111 -> 114
	112
	113
	112 -> 113
	113
	118
	113 -> 118
	114
	115
	114 -> 115
	119
	114 -> 119
	116
	117
	116 -> 117
	117
	123
	117 -> 123
	118
	124
	118 -> 124
	119
	125
	119 -> 125
	120
	121
	120 -> 121
	130
	120 -> 130
	121
	122
	121 -> 122
	122
	126
	122 -> 126
	125
	127
	125 -> 127
	126
	128
	126 -> 128
	127
	131
	127 -> 131
	128
	129
	128 -> 129
	129
	133
	129 -> 133
	130
	135
	130 -> 135
	131
	132
	131 -> 132
	141
	131 -> 141
	142
	131 -> 142
	132
	139
	132 -> 139
	133
	134
	133 -> 134
	134
	137
	134 -> 137
	135
	136
	135 -> 136
	136
	143
	136 -> 143
	137
	138
	137 -> 138
	138
	151
	138 -> 151
	139
	140
	139 -> 140
	140
	144
	140 -> 144
	141
	146
	141 -> 146
	143
	147
	143 -> 147
	144
	145
	144 -> 145
	145
	150
	145 -> 150
	158
	145 -> 158
	146
	148
	146 -> 148
	148
	149
	148 -> 149
	149
	154
	149 -> 154
	150
	157
	150 -> 157
	151
	152
	151 -> 152
	152
	153
	152 -> 153
	153
	156
	153 -> 156
	154
	155
	154 -> 155
	156
	159
	156 -> 159
	162
	156 -> 162
	163
	156 -> 163
	157
	161
	157 -> 161
	158
	160
	158 -> 160
	159
	164
	159 -> 164
	162
	165
	162 -> 165
	163
	169
	163 -> 169
	164
	176
	164 -> 176
	165
	166
	165 -> 166
	167
	165 -> 167
	166
	168
	166 -> 168
	167
	172
	167 -> 172
	168
	173
	168 -> 173
	169
	170
	169 -> 170
	170
	171
	170 -> 171
	171
	175
	171 -> 175
	172
	174
	172 -> 174
	177
	172 -> 177
	174
	180
	174 -> 180
	175
	179
	175 -> 179
	176
	181
	176 -> 181
	177
	178
	177 -> 178
	179
	183
	179 -> 183
	180
	186
	180 -> 186
	181
	182
	181 -> 182
	182
	191
	182 -> 191
	183
	184
	183 -> 184
	184
	185
	184 -> 185
	185
	189
	185 -> 189
	190
	185 -> 190
	186
	187
	186 -> 187
	187
	188
	187 -> 188
	188
	193
	188 -> 193
	189
	194
	189 -> 194
	190
	196
	190 -> 196
	191
	192
	191 -> 192
	192
	198
	192 -> 198
	193
	197
	193 -> 197
	194
	195
	194 -> 195
	195
	201
	195 -> 201
	196
	200
	196 -> 200
	197
	203
	197 -> 203
	198
	199
	198 -> 199
	199
	208
	199 -> 208
	200
	205
	200 -> 205
	201
	202
	201 -> 202
	227
	201 -> 227
	202
	207
	202 -> 207
	214
	202 -> 214
	203
	204
	203 -> 204
	205
	206
	205 -> 206
	206
	209
	206 -> 209
	225
	206 -> 225
	207
	210
	207 -> 210
	208
	211
	208 -> 211
	209
	215
	209 -> 215
	210
	213
	210 -> 213
	211
	212
	211 -> 212
	213
	217
	213 -> 217
	215
	216
	215 -> 216
	216
	218
	216 -> 218
	235
	216 -> 235
	217
	230
	217 -> 230
	218
	219
	218 -> 219
	219
	220
	219 -> 220
	233
	219 -> 233
	220
	221
	220 -> 221
	221
	222
	221 -> 222
	223
	221 -> 223
	232
	221 -> 232
	222
	224
	222 -> 224
	223
	228
	223 -> 228
	224
	237
	224 -> 237
	225
	226
	225 -> 226
	228
	229
	228 -> 229
	239
	228 -> 239
	229
	231
	229 -> 231
	231
	234
	231 -> 234
	235
	236
	235 -> 236
	237
	238
	237 -> 238
}
