digraph {
	rankdir=LR splines=line
	0
	1
	0 -> 1
	1
	2
	1 -> 2
	3
	1 -> 3
	2
	4
	2 -> 4
	4
	5
	4 -> 5
	7
	4 -> 7
	8
	4 -> 8
	10
	4 -> 10
	5
	6
	5 -> 6
	6
	14
	6 -> 14
	7
	13
	7 -> 13
	8
	9
	8 -> 9
	9
	19
	9 -> 19
	10
	11
	10 -> 11
	11
	12
	11 -> 12
	12
	17
	12 -> 17
	13
	18
	13 -> 18
	14
	15
	14 -> 15
	15
	16
	15 -> 16
	16
	21
	16 -> 21
	22
	16 -> 22
	23
	16 -> 23
	17
	26
	17 -> 26
	19
	20
	19 -> 20
	21
	24
	21 -> 24
	25
	21 -> 25
	23
	29
	23 -> 29
	24
	27
	24 -> 27
	25
	34
	25 -> 34
	26
	30
	26 -> 30
	27
	28
	27 -> 28
	33
	27 -> 33
	37
	27 -> 37
	30
	31
	30 -> 31
	31
	32
	31 -> 32
	32
	35
	32 -> 35
	33
	38
	33 -> 38
	47
	33 -> 47
	34
	36
	34 -> 36
	35
	43
	35 -> 43
	36
	40
	36 -> 40
	38
	39
	38 -> 39
	41
	38 -> 41
	39
	46
	39 -> 46
	40
	44
	40 -> 44
	41
	42
	41 -> 42
	62
	41 -> 62
	42
	48
	42 -> 48
	53
	42 -> 53
	43
	45
	43 -> 45
	45
	52
	45 -> 52
	46
	49
	46 -> 49
	49
	50
	49 -> 50
	63
	49 -> 63
	50
	51
	50 -> 51
	59
	50 -> 59
	51
	54
	51 -> 54
	55
	51 -> 55
	55
	56
	55 -> 56
	56
	57
	56 -> 57
	58
	56 -> 58
	57
	64
	57 -> 64
	58
	60
	58 -> 60
	60
	61
	60 -> 61
	61
	71
	61 -> 71
	64
	65
	64 -> 65
	65
	66
	65 -> 66
	74
	65 -> 74
	66
	67
	66 -> 67
	68
	66 -> 68
	68
	69
	68 -> 69
	69
	70
	69 -> 70
	70
	72
	70 -> 72
	76
	70 -> 76
	72
	73
	72 -> 73
	82
	72 -> 82
	73
	75
	73 -> 75
	80
	73 -> 80
	86
	73 -> 86
	75
	78
	75 -> 78
	85
	75 -> 85
	76
	77
	76 -> 77
	78
	79
	78 -> 79
	79
	84
	79 -> 84
	80
	81
	80 -> 81
	82
	83
	82 -> 83
	84
	89
	84 -> 89
	92
	84 -> 92
	94
	84 -> 94
	86
	87
	86 -> 87
	87
	88
	87 -> 88
	88
	90
	88 -> 90
	89
	91
	89 -> 91
	100
	89 -> 100
	91
	96
	91 -> 96
	92
	93
	92 -> 93
	105
	92 -> 105
	93
	95
	93 -> 95
	94
	98
	94 -> 98
	95
	97
	95 -> 97
	97
	101
	97 -> 101
	103
	97 -> 103
	98
	99
	98 -> 99
	99
	102
	99 -> 102
	101
	106
	101 -> 106
	102
	107
	102 -> 107
	103
	104
	103 -> 104
	104
	111
	104 -> 111
	105
	110
	105 -> 110
	106
	108
	106 -> 108
	107
	109
	107 -> 109
	108
	112
	108 -> 112
	109
	115
	109 -> 115
	110
	113
	110 -> 113
	111
	116
	111 -> 116
	112
	120
	112 -> 120
	121
	112 -> 121
	113
	114
	113 -> 114
	114
	117
	114 -> 117
	115
	122
	115 -> 122
	116
	124
	116 -> 124
	117
	118
	117 -> 118
	134
	117 -> 134
	118
	119
	118 -> 119
	119
	126
	119 -> 126
	120
	125
	120 -> 125
	122
	123
	122 -> 123
	125
	128
	125 -> 128
	126
	127
	126 -> 127
	127
	129
	127 -> 129
	128
	131
	128 -> 131
	129
	130
	129 -> 130
	130
	138
	130 -> 138
	131
	132
	131 -> 132
	133
	131 -> 133
	142
	131 -> 142
	132
	137
	132 -> 137
	134
	135
	134 -> 135
	135
	136
	135 -> 136
	136
	140
	136 -> 140
	137
	141
	137 -> 141
	138
	139
	138 -> 139
	139
	144
	139 -> 144
	140
	150
	140 -> 150
	141
	143
	141 -> 143
	142
	146
	142 -> 146
	143
	145
	143 -> 145
	144
	148
	144 -> 148
	145
	152
	145 -> 152
	153
	145 -> 153
	146
	147
	146 -> 147
	147
	151
	147 -> 151
	148
	149
	148 -> 149
	149
	154
	149 -> 154
	151
	155
	151 -> 155
	152
	156
	152 -> 156
	153
	158
	153 -> 158
	154
	157
	154 -> 157
	155
	159
	155 -> 159
	156
	162
	156 -> 162
	157
	160
	157 -> 160
	163
	157 -> 163
	165
	157 -> 165
	160
	161
	160 -> 161
	161
	171
	161 -> 171
	163
	164
	163 -> 164
	164
	170
	164 -> 170
	165
	166
	165 -> 166
	166
	167
	166 -> 167
	168
	166 -> 168
	167
	169
	167 -> 169
	168
	174
	168 -> 174
	169
	182
	169 -> 182
	170
	172
	170 -> 172
	171
	181
	171 -> 181
	172
	173
	172 -> 173
	173
	177
	173 -> 177
	174
	175
	174 -> 175
	176
	174 -> 176
	175
	180
	175 -> 180
	176
	179
	176 -> 179
	177
	178
	177 -> 178
	178
	185
	178 -> 185
	180
	183
	180 -> 183
	181
	188
	181 -> 188
	183
	184
	183 -> 184
	184
	187
	184 -> 187
	185
	186
	185 -> 186
	186
	189
	186 -> 189
	194
	186 -> 194
	187
	193
	187 -> 193
	188
	190
	188 -> 190
	189
	192
	189 -> 192
	190
	191
	190 -> 191
	191
	195
	191 -> 195
	192
	196
	192 -> 196
	193
	197
	193 -> 197
	194
	198
	194 -> 198
	195
	205
	195 -> 205
	196
	199
	196 -> 199
	197
	203
	197 -> 203
	198
	201
	198 -> 201
	199
	200
	199 -> 200
	222
	199 -> 222
	200
	209
	200 -> 209
	213
	200 -> 213
	201
	202
	201 -> 202
	202
	208
	202 -> 208
	203
	204
	203 -> 204
	205
	206
	205 -> 206
	206
	207
	206 -> 207
	207
	216
	207 -> 216
	208
	210
	208 -> 210
	231
	208 -> 231
	209
	211
	209 -> 211
	210
	214
	210 -> 214
	211
	212
	211 -> 212
	212
	218
	212 -> 218
	214
	215
	214 -> 215
	215
	217
	215 -> 217
	217
	219
	217 -> 219
	218
	226
	218 -> 226
	219
	220
	219 -> 220
	230
	219 -> 230
	220
	221
	220 -> 221
	221
	223
	221 -> 223
	224
	221 -> 224
	223
	227
	223 -> 227
	224
	225
	224 -> 225
	225
	233
	225 -> 233
	227
	228
	227 -> 228
	228
	229
	228 -> 229
	229
	234
	229 -> 234
	231
	232
	231 -> 232
	233
	236
	233 -> 236
	234
	235
	234 -> 235
}
