digraph {
	rankdir=LR splines=line
	0
	1
	0 -> 1
	1
	2
	1 -> 2
	4
	1 -> 4
	2
	3
	2 -> 3
	3
	5
	3 -> 5
	7
	3 -> 7
	8
	3 -> 8
	13
	3 -> 13
	5
	6
	5 -> 6
	6
	10
	6 -> 10
	7
	9
	7 -> 9
	8
	12
	8 -> 12
	9
	18
	9 -> 18
	10
	11
	10 -> 11
	11
	15
	11 -> 15
	12
	16
	12 -> 16
	13
	14
	13 -> 14
	14
	20
	14 -> 20
	15
	17
	15 -> 17
	22
	15 -> 22
	23
	15 -> 23
	18
	19
	18 -> 19
	20
	21
	20 -> 21
	21
	26
	21 -> 26
	22
	24
	22 -> 24
	25
	22 -> 25
	23
	29
	23 -> 29
	24
	28
	24 -> 28
	25
	30
	25 -> 30
	26
	27
	26 -> 27
	27
	33
	27 -> 33
	28
	31
	28 -> 31
	36
	28 -> 36
	37
	28 -> 37
	30
	32
	30 -> 32
	31
	39
	31 -> 39
	43
	31 -> 43
	32
	38
	32 -> 38
	33
	34
	33 -> 34
	34
	35
	34 -> 35
	35
	45
	35 -> 45
	38
	41
	38 -> 41
	39
	40
	39 -> 40
	44
	39 -> 44
	40
	42
	40 -> 42
	59
	40 -> 59
	42
	50
	42 -> 50
	54
	42 -> 54
	44
	46
	44 -> 46
	45
	51
	45 -> 51
	46
	47
	46 -> 47
	47
	48
	47 -> 48
	62
	47 -> 62
	48
	49
	48 -> 49
	63
	48 -> 63
	49
	53
	49 -> 53
	55
	49 -> 55
	51
	52
	51 -> 52
	55
	56
	55 -> 56
	56
	57
	56 -> 57
	58
	56 -> 58
	57
	64
	57 -> 64
	58
	60
	58 -> 60
	60
	61
	60 -> 61
	61
	71
	61 -> 71
	64
	65
	64 -> 65
	65
	66
	65 -> 66
	75
	65 -> 75
	66
	67
	66 -> 67
	70
	66 -> 70
	67
	68
	67 -> 68
	68
	69
	68 -> 69
	69
	72
	69 -> 72
	79
	69 -> 79
	72
	73
	72 -> 73
	82
	72 -> 82
	73
	74
	73 -> 74
	77
	73 -> 77
	87
	73 -> 87
	74
	76
	74 -> 76
	77
	78
	77 -> 78
	85
	77 -> 85
	78
	81
	78 -> 81
	79
	80
	79 -> 80
	81
	83
	81 -> 83
	82
	84
	82 -> 84
	83
	86
	83 -> 86
	91
	83 -> 91
	94
	83 -> 94
	86
	89
	86 -> 89
	102
	86 -> 102
	87
	88
	87 -> 88
	88
	90
	88 -> 90
	89
	92
	89 -> 92
	90
	93
	90 -> 93
	91
	97
	91 -> 97
	94
	95
	94 -> 95
	100
	94 -> 100
	95
	96
	95 -> 96
	96
	99
	96 -> 99
	97
	98
	97 -> 98
	98
	104
	98 -> 104
	99
	101
	99 -> 101
	103
	99 -> 103
	100
	111
	100 -> 111
	101
	108
	101 -> 108
	103
	105
	103 -> 105
	104
	106
	104 -> 106
	105
	107
	105 -> 107
	106
	109
	106 -> 109
	107
	110
	107 -> 110
	108
	118
	108 -> 118
	109
	114
	109 -> 114
	110
	121
	110 -> 121
	128
	110 -> 128
	111
	112
	111 -> 112
	112
	113
	112 -> 113
	113
	115
	113 -> 115
	114
	120
	114 -> 120
	115
	116
	115 -> 116
	132
	115 -> 132
	116
	117
	116 -> 117
	117
	125
	117 -> 125
	118
	119
	118 -> 119
	119
	123
	119 -> 123
	120
	122
	120 -> 122
	121
	124
	121 -> 124
	124
	129
	124 -> 129
	125
	126
	125 -> 126
	126
	127
	126 -> 127
	127
	134
	127 -> 134
	129
	130
	129 -> 130
	130
	131
	130 -> 131
	138
	130 -> 138
	142
	130 -> 142
	131
	139
	131 -> 139
	132
	133
	132 -> 133
	133
	137
	133 -> 137
	134
	135
	134 -> 135
	135
	136
	135 -> 136
	136
	141
	136 -> 141
	137
	143
	137 -> 143
	138
	144
	138 -> 144
	139
	140
	139 -> 140
	140
	147
	140 -> 147
	141
	149
	141 -> 149
	143
	146
	143 -> 146
	144
	145
	144 -> 145
	145
	151
	145 -> 151
	147
	148
	147 -> 148
	148
	153
	148 -> 153
	157
	148 -> 157
	149
	150
	149 -> 150
	150
	154
	150 -> 154
	151
	152
	151 -> 152
	152
	159
	152 -> 159
	153
	156
	153 -> 156
	154
	155
	154 -> 155
	155
	160
	155 -> 160
	162
	155 -> 162
	165
	155 -> 165
	156
	161
	156 -> 161
	157
	158
	157 -> 158
	160
	168
	160 -> 168
	162
	163
	162 -> 163
	163
	164
	163 -> 164
	166
	163 -> 166
	164
	171
	164 -> 171
	165
	169
	165 -> 169
	166
	167
	166 -> 167
	167
	182
	167 -> 182
	168
	176
	168 -> 176
	169
	170
	169 -> 170
	170
	173
	170 -> 173
	171
	172
	171 -> 172
	175
	171 -> 175
	172
	178
	172 -> 178
	173
	174
	173 -> 174
	174
	177
	174 -> 177
	175
	179
	175 -> 179
	176
	186
	176 -> 186
	177
	180
	177 -> 180
	178
	184
	178 -> 184
	180
	181
	180 -> 181
	181
	183
	181 -> 183
	183
	189
	183 -> 189
	190
	183 -> 190
	184
	185
	184 -> 185
	185
	188
	185 -> 188
	186
	187
	186 -> 187
	187
	192
	187 -> 192
	188
	191
	188 -> 191
	189
	195
	189 -> 195
	190
	197
	190 -> 197
	191
	194
	191 -> 194
	192
	193
	192 -> 193
	193
	205
	193 -> 205
	194
	202
	194 -> 202
	195
	196
	195 -> 196
	196
	198
	196 -> 198
	197
	200
	197 -> 200
	198
	199
	198 -> 199
	224
	198 -> 224
	199
	207
	199 -> 207
	215
	199 -> 215
	200
	201
	200 -> 201
	201
	204
	201 -> 204
	202
	203
	202 -> 203
	204
	210
	204 -> 210
	226
	204 -> 226
	205
	206
	205 -> 206
	206
	208
	206 -> 208
	207
	212
	207 -> 212
	208
	209
	208 -> 209
	209
	214
	209 -> 214
	210
	211
	210 -> 211
	211
	216
	211 -> 216
	212
	213
	212 -> 213
	213
	217
	213 -> 217
	216
	218
	216 -> 218
	229
	216 -> 229
	217
	225
	217 -> 225
	218
	219
	218 -> 219
	219
	220
	219 -> 220
	234
	219 -> 234
	220
	221
	220 -> 221
	221
	222
	221 -> 222
	223
	221 -> 223
	236
	221 -> 236
	222
	227
	222 -> 227
	223
	233
	223 -> 233
	226
	230
	226 -> 230
	227
	228
	227 -> 228
	228
	231
	228 -> 231
	229
	232
	229 -> 232
	231
	235
	231 -> 235
	233
	237
	233 -> 237
	237
	238
	237 -> 238
}
