digraph {
	rankdir=LR splines=line
	0
	1
	0 -> 1
	1
	2
	1 -> 2
	3
	1 -> 3
	2
	4
	2 -> 4
	4
	5
	4 -> 5
	6
	4 -> 6
	9
	4 -> 9
	14
	4 -> 14
	5
	8
	5 -> 8
	6
	7
	6 -> 7
	7
	13
	7 -> 13
	8
	10
	8 -> 10
	9
	12
	9 -> 12
	10
	11
	10 -> 11
	11
	19
	11 -> 19
	12
	22
	12 -> 22
	13
	18
	13 -> 18
	14
	15
	14 -> 15
	15
	16
	15 -> 16
	16
	17
	16 -> 17
	17
	28
	17 -> 28
	19
	20
	19 -> 20
	21
	19 -> 21
	24
	19 -> 24
	21
	23
	21 -> 23
	25
	21 -> 25
	23
	27
	23 -> 27
	24
	30
	24 -> 30
	25
	26
	25 -> 26
	26
	31
	26 -> 31
	27
	32
	27 -> 32
	34
	27 -> 34
	35
	27 -> 35
	28
	29
	28 -> 29
	29
	33
	29 -> 33
	31
	42
	31 -> 42
	32
	36
	32 -> 36
	40
	32 -> 40
	33
	37
	33 -> 37
	37
	38
	37 -> 38
	38
	39
	38 -> 39
	39
	49
	39 -> 49
	40
	41
	40 -> 41
	44
	40 -> 44
	41
	43
	41 -> 43
	42
	47
	42 -> 47
	43
	51
	43 -> 51
	44
	45
	44 -> 45
	48
	44 -> 48
	45
	46
	45 -> 46
	64
	45 -> 64
	49
	50
	49 -> 50
	51
	52
	51 -> 52
	61
	51 -> 61
	52
	53
	52 -> 53
	59
	52 -> 59
	53
	54
	53 -> 54
	58
	53 -> 58
	54
	55
	54 -> 55
	55
	56
	55 -> 56
	57
	55 -> 57
	56
	63
	56 -> 63
	57
	60
	57 -> 60
	60
	62
	60 -> 62
	62
	67
	62 -> 67
	63
	65
	63 -> 65
	65
	66
	65 -> 66
	78
	65 -> 78
	66
	68
	66 -> 68
	69
	66 -> 69
	68
	70
	68 -> 70
	70
	71
	70 -> 71
	71
	72
	71 -> 72
	73
	71 -> 73
	72
	75
	72 -> 75
	73
	74
	73 -> 74
	82
	73 -> 82
	74
	76
	74 -> 76
	79
	74 -> 79
	86
	74 -> 86
	76
	77
	76 -> 77
	80
	76 -> 80
	77
	81
	77 -> 81
	79
	83
	79 -> 83
	81
	84
	81 -> 84
	82
	85
	82 -> 85
	84
	90
	84 -> 90
	93
	84 -> 93
	95
	84 -> 95
	86
	87
	86 -> 87
	87
	88
	87 -> 88
	88
	89
	88 -> 89
	90
	91
	90 -> 91
	97
	90 -> 97
	91
	92
	91 -> 92
	93
	94
	93 -> 94
	94
	98
	94 -> 98
	95
	96
	95 -> 96
	105
	95 -> 105
	96
	100
	96 -> 100
	98
	99
	98 -> 99
	99
	112
	99 -> 112
	100
	101
	100 -> 101
	101
	102
	101 -> 102
	103
	101 -> 103
	102
	104
	102 -> 104
	103
	107
	103 -> 107
	104
	108
	104 -> 108
	105
	106
	105 -> 106
	106
	117
	106 -> 117
	107
	109
	107 -> 109
	108
	111
	108 -> 111
	109
	110
	109 -> 110
	110
	123
	110 -> 123
	125
	110 -> 125
	111
	122
	111 -> 122
	112
	113
	112 -> 113
	113
	114
	113 -> 114
	114
	115
	114 -> 115
	115
	116
	115 -> 116
	117
	118
	117 -> 118
	118
	119
	118 -> 119
	119
	120
	119 -> 120
	135
	119 -> 135
	120
	121
	120 -> 121
	121
	126
	121 -> 126
	123
	124
	123 -> 124
	124
	130
	124 -> 130
	126
	127
	126 -> 127
	127
	128
	127 -> 128
	128
	129
	128 -> 129
	129
	140
	129 -> 140
	130
	131
	130 -> 131
	131
	132
	131 -> 132
	133
	131 -> 133
	134
	131 -> 134
	132
	139
	132 -> 139
	133
	138
	133 -> 138
	135
	136
	135 -> 136
	136
	137
	136 -> 137
	137
	148
	137 -> 148
	138
	146
	138 -> 146
	139
	143
	139 -> 143
	140
	141
	140 -> 141
	141
	142
	141 -> 142
	142
	144
	142 -> 144
	143
	145
	143 -> 145
	144
	149
	144 -> 149
	145
	153
	145 -> 153
	146
	147
	146 -> 147
	147
	150
	147 -> 150
	148
	151
	148 -> 151
	149
	155
	149 -> 155
	150
	152
	150 -> 152
	153
	154
	153 -> 154
	157
	153 -> 157
	154
	159
	154 -> 159
	155
	156
	155 -> 156
	156
	160
	156 -> 160
	162
	156 -> 162
	166
	156 -> 166
	157
	158
	157 -> 158
	159
	161
	159 -> 161
	160
	170
	160 -> 170
	162
	163
	162 -> 163
	163
	164
	163 -> 164
	167
	163 -> 167
	164
	165
	164 -> 165
	165
	185
	165 -> 185
	166
	168
	166 -> 168
	167
	171
	167 -> 171
	168
	169
	168 -> 169
	169
	173
	169 -> 173
	170
	174
	170 -> 174
	171
	172
	171 -> 172
	179
	171 -> 179
	172
	181
	172 -> 181
	173
	175
	173 -> 175
	174
	178
	174 -> 178
	175
	176
	175 -> 176
	176
	177
	176 -> 177
	177
	184
	177 -> 184
	178
	192
	178 -> 192
	179
	180
	179 -> 180
	181
	182
	181 -> 182
	182
	183
	182 -> 183
	183
	186
	183 -> 186
	184
	188
	184 -> 188
	186
	187
	186 -> 187
	187
	190
	187 -> 190
	188
	189
	188 -> 189
	191
	188 -> 191
	189
	197
	189 -> 197
	190
	200
	190 -> 200
	191
	195
	191 -> 195
	192
	193
	192 -> 193
	193
	194
	193 -> 194
	194
	205
	194 -> 205
	195
	196
	195 -> 196
	196
	202
	196 -> 202
	197
	198
	197 -> 198
	198
	199
	198 -> 199
	199
	204
	199 -> 204
	219
	199 -> 219
	200
	201
	200 -> 201
	202
	203
	202 -> 203
	203
	208
	203 -> 208
	224
	203 -> 224
	204
	209
	204 -> 209
	214
	204 -> 214
	205
	206
	205 -> 206
	206
	207
	206 -> 207
	207
	213
	207 -> 213
	208
	210
	208 -> 210
	210
	211
	210 -> 211
	211
	212
	211 -> 212
	228
	211 -> 228
	212
	220
	212 -> 220
	213
	218
	213 -> 218
	214
	215
	214 -> 215
	215
	216
	215 -> 216
	216
	217
	216 -> 217
	217
	226
	217 -> 226
	220
	221
	220 -> 221
	221
	222
	221 -> 222
	222
	223
	222 -> 223
	225
	222 -> 225
	224
	230
	224 -> 230
	225
	227
	225 -> 227
	227
	229
	227 -> 229
}
